0.000000000000000000e+00
2.828735694985204038e-02
5.654676276844567556e-02
8.475029394342444011e-02
1.128700821729452242e-01
1.408783419027353212e-01
1.687473977813853943e-01
1.964497120067497105e-01
2.239579115364316864e-01
2.512448151354683135e-01
2.782834602344868014e-01
3.050471295717947506e-01
3.315093775930789133e-01
3.576440565826247697e-01
3.834253425002389637e-01
4.088277604983431845e-01
4.338262100940254995e-01
4.583959899711768093e-01
4.825128223882055312e-01
5.061528771672120230e-01
5.292927952409193226e-01
5.519097117340920899e-01
5.739812785566393849e-01
5.954856864860721410e-01
6.164016867175010628e-01
6.367086118598753730e-01
6.563863963577205585e-01
6.754155963181922573e-01
6.937774087238587351e-01
7.114536900122228058e-01
7.284269740036293239e-01
7.446804891598408638e-01
7.601981751562271183e-01
7.749646987511960017e-01
7.889654689371833340e-01
8.021866513582296410e-01
8.146151819799010152e-01
8.262387799980427383e-01
8.370459599736130851e-01
8.470260431816054592e-01
8.561691681628451622e-01
8.644663004682350271e-01
8.719092415858198386e-01
8.784906370418498200e-01
8.842039836678399212e-01
8.890436360264396543e-01
8.930048119897688874e-01
8.960835974647053392e-01
8.982769502604540657e-01
8.995827030945786618e-01
8.999995657345229993e-01
8.995271262725086370e-01
8.981658515325459113e-01
8.959170866091590302e-01
8.927830535382790256e-01
8.887668491016197381e-01
8.838724417667044309e-01
8.781046677655672816e-01
8.714692263160059849e-01
8.639726739901046892e-01
8.556224182355943730e-01
8.464267100564497603e-01
8.363946358599584352e-01
8.255361084783143788e-01
8.138618573736111639e-01
8.013834180359105108e-01
7.881131205848646015e-01
7.740640775861522549e-01
7.592501710947709981e-01
7.436860389379852387e-01
7.273870602514842520e-01
7.103693402830458803e-01
6.926496944787152721e-01
6.742456318672298554e-01
6.551753377591026384e-01
6.354576557774654910e-01
6.151120692384219879e-01
5.941586818993106478e-01
5.726181980939036853e-01
5.505119022741669088e-01
5.278616379787935964e-01
5.046897862493032738e-01
4.810192435150211221e-01
4.568733989687967512e-01
4.322761114558190121e-01
4.072516858983576404e-01
3.818248492797304827e-01
3.560207262112288773e-01
3.298648141061382710e-01
3.033829579853883907e-01
2.766013249397299978e-01
2.495463782736669911e-01
2.222448513566974149e-01
1.947237212076973201e-01
1.670101818385550940e-01
1.391316173833885284e-01
1.111155750398994807e-01
8.298973784960660127e-02
5.478189734384538573e-02
2.651992608256789619e-02
-1.768249886919398550e-03
-3.005467862407297172e-02
-5.831140991481510716e-02
-8.651052288952715275e-02
-1.146241536120512078e-01
-1.426245226124325527e-01
-1.704839623362022216e-01
-1.981749444830706308e-01
-2.256701072080253556e-01
-2.529422821579523917e-01
-2.799645213170618985e-01
-3.067101236345988191e-01
-3.331526614085241755e-01
-3.592660063990930630e-01
-3.850243556465333117e-01
-4.104022569673103638e-01
-4.353746341037820766e-01
-4.599168115023991033e-01
-4.840045386959639928e-01
-5.076140142658531751e-01
-5.307219093605315408e-01
-5.533053907471161548e-01
-5.753421433732097690e-01
-5.968103924167157404e-01
-6.176889248018430090e-01
-6.379571101600423066e-01
-6.575949212151585010e-01
-6.765829535726628485e-01
-6.949024448934052467e-01
-7.125352934329417520e-01
-7.294640759281213471e-01
-7.456720648132540985e-01
-7.611432447488519770e-01
-7.758623284466099612e-01
-7.898147717749861574e-01
-8.029867881304620925e-01
-8.153653620602779872e-01
-8.269382621231816666e-01
-8.376940529754866027e-01
-8.476221066704950902e-01
-8.567126131601182637e-01
-8.649565899883232545e-01
-8.723458911668217075e-01
-8.788732152242348938e-01
-8.845321124207793373e-01
-8.893169911213437695e-01
-8.932231233206625598e-01
-8.962466493151229896e-01
-8.983845815165919513e-01
-8.996348074044938636e-01
-8.999960916132215827e-01
-8.994680771528182905e-01
-8.980512857617237721e-01
-8.957471173912384677e-01
-8.925578488222107865e-01
-8.884866314153194722e-01
-8.835374879971694684e-01
-8.777153088852811536e-01
-8.710258470558993604e-01
-8.634757124593979150e-01
-8.550723654888952030e-01
-8.458241096085359345e-01
-8.357400831487226123e-01
-8.248302502764042199e-01
-8.131053911493442143e-01
-8.005770912640953751e-01
-7.872577300082110874e-01
-7.731604684279992368e-01
-7.582992362239090456e-01
-7.426887179864001265e-01
-7.263443386858953188e-01
-7.092822484311495090e-01
-6.915193065111064907e-01
-6.730730647359980390e-01
-6.539617500941565797e-01
-6.342042467416740825e-01
-6.138200773427056056e-01
-5.928293837788500831e-01
-5.712529072466803193e-01
-5.491119677630756923e-01
-5.264284430986173602e-01
-5.032247471598578770e-01
-4.795238078418289085e-01
-4.553490443726690429e-01
-4.307243441727556243e-01
-4.056740392512165894e-01
-3.802228821631303823e-01
-3.543960215511824385e-01
-3.282189772959411833e-01
-3.017176152993095717e-01
-2.749181219260639630e-01
-2.478469781287475360e-01
-2.205309332814687773e-01
-1.929969787484735744e-01
-1.652723212136023301e-01
-1.373843557969867679e-01
-1.093606389855513172e-01
-8.122886140406122835e-02
-5.301682045363560747e-02
-2.475239284474520934e-02
3.536492948152616771e-03
3.182188428312836270e-02
6.007583197117423446e-02
8.827041789319017839e-02
1.163777825862612608e-01
1.443701527719841449e-01
1.722198687996292221e-01
1.998994119770267641e-01
2.273814317621697945e-01
2.546387727886645913e-01
2.816445016983294414e-01
3.083719337544162942e-01
3.347946592091738394e-01
3.608865693996858304e-01
3.866218825462049424e-01
4.119751692274872257e-01
4.369213775079602846e-01
4.614358576918853871e-01
4.854943866800678909e-01
5.090731919050378584e-01
5.321489748210552762e-01
5.546989339257268892e-01
5.767007872904905685e-01
5.981327945776949706e-01
6.189737785225333244e-01
6.392031458585922810e-01
6.588009076663455810e-01
6.777476991244832938e-01
6.960247986445614599e-01
7.136141463700657050e-01
7.304983620216044526e-01
7.466607620706067205e-01
7.620853762245485274e-01
7.767569632074210473e-01
7.906610258198478736e-01
8.037838252639706305e-01
8.161123947189440342e-01
8.276345521536340177e-01
8.383389123638518292e-01
8.482148982222323941e-01
8.572527511296416103e-01
8.654435406577846157e-01
8.727791733734846513e-01
8.792524008359182686e-01
8.848568267589005387e-01
8.895869133311442578e-01
8.934379866882485866e-01
8.964062415310092291e-01
8.984887448854880221e-01
8.996834390011245741e-01
8.999891433840292443e-01
8.994055559634448471e-01
8.979332533902271152e-01
8.955736904670481557e-01
8.923291987108853407e-01
8.882029840492173811e-01
8.831991236522026556e-01
8.773225619039700662e-01
8.705791055170043480e-01
8.629754177944540805e-01
8.545190120460264271e-01
8.452182441639840560e-01
8.350823043665686063e-01
8.241212081170218307e-01
8.123457862271631358e-01
7.997676741553151336e-01
7.863993005091474142e-01
7.722538747647916813e-01
7.573453742143798628e-01
7.416885301548821197e-01
7.252988133319092645e-01
7.081924186528565368e-01
6.903862491844836580e-01
6.718978994507666114e-01
6.527456380474961906e-01
6.329483895908317725e-01
6.125257160176171833e-01
5.914977972559621877e-01
5.698854112851776677e-01
5.477099136047567374e-01
5.249932161327186542e-01
5.017577655541264336e-01
4.780265211412160209e-01
4.538229320670101319e-01
4.291709142348680284e-01
4.040948266468523675e-01
3.786194473342504030e-01
3.527699488740678180e-01
3.265718735156432073e-01
3.000511079420075666e-01
2.732338576908819872e-01
2.461466212606254478e-01
2.188161639267042768e-01
1.912694912945399617e-01
1.635338226149069263e-01
1.356365638882008062e-01
1.076052807841926390e-01
7.946767140401155005e-02
5.125153891125416167e-02
2.298476405930433009e-02
-5.304722358040221165e-03
-3.358896710536140445e-02
-6.184002212661306869e-02
-9.002997216097947952e-02
-1.181309623263284703e-01
-1.461152256430194307e-01
-1.739551104708297879e-01
-2.016231078319384029e-01
-2.290918785929169921e-01
-2.563342804789194296e-01
-2.833233948933367441e-01
-3.100325535164326629e-01
-3.364353646566923262e-01
-3.625057393288081409e-01
-3.882179170325797402e-01
-4.135464912072184807e-01
-4.384664343359195859e-01
-4.629531226759098783e-01
-4.869823605895000629e-01
-5.105304044521413731e-01
-5.335739861138218965e-01
-5.560903358906577054e-01
-5.780572050639314341e-01
-5.994528878643570202e-01
-6.202562429198610339e-01
-6.404467141456571255e-01
-6.600043510560095195e-01
-6.789098284775758607e-01
-6.971444656448886334e-01
-7.146902446590754909e-01
-7.315298282915934092e-01
-7.476465771153929518e-01
-7.630245659465594299e-01
-7.776485995802158158e-01
-7.915042278051130920e-01
-8.045777596820830047e-01
-8.168562770722516131e-01
-8.283276474016254554e-01
-8.389805356494629551e-01
-8.488044155485605646e-01
-8.577895799864089232e-01
-8.659271505969233784e-01
-8.732090865332799989e-01
-8.796281924131916785e-01
-8.851781254287618417e-01
-8.898534016139044711e-01
-8.936494012631247541e-01
-8.965623734963165115e-01
-8.985894399650576903e-01
-8.997285976967464016e-01
-8.999787210737674181e-01
-8.993395629457290319e-01
-8.978117548736771480e-01
-8.953968065060396997e-01
-8.920971040869233315e-01
-8.879159080982311769e-01
-8.828573500379365280e-01
-8.769264283376905222e-01
-8.701290034238046145e-01
-8.624717919264789368e-01
-8.539623600430081840e-01
-8.446091160615174509e-01
-8.344213020526127789e-01
-8.234089847371666160e-01
-8.115830455392460951e-01
-7.989551698340312536e-01
-7.855378354013287101e-01
-7.713443000961057727e-01
-7.563885887482212356e-01
-7.406854793042905172e-01
-7.242504882253980591e-01
-7.070998551550576883e-01
-6.892505268726035750e-01
-6.707201405478339096e-01
-6.515270063134812606e-01
-6.316900891727182943e-01
-6.112289902595670066e-01
-5.901639274707540794e-01
-5.685157154881171904e-01
-5.463057452113320167e-01
-5.235559626212696882e-01
-5.002888470948594346e-01
-4.765273891929130423e-01
-4.522950679428209275e-01
-4.276158276386095025e-01
-4.025140541812409212e-01
-3.770145509825690855e-01
-3.511425144567473788e-01
-3.249235091232908212e-01
-2.983834423464301056e-01
-2.715485387356725844e-01
-2.444453142329120754e-01
-2.171005499116475390e-01
-1.895412655142353076e-01
-1.617946927533106261e-01
-1.338882484037421938e-01
-1.058495072117475316e-01
-7.770617464789163209e-02
-4.948605953093019455e-02
-2.121704654953349839e-02
7.072931290973877121e-03
3.535592026959177153e-02
6.360397357111816086e-02
9.178917890077357977e-02
1.198836860647394531e-01
1.478597344893174681e-01
1.756896806515343967e-01
2.033460253941028750e-01
2.308014410977093089e-01
2.580287986838271652e-01
2.850011944213250992e-01
3.116919765104289031e-01
3.380747714177312901e-01
3.641235099362431504e-01
3.898124529447501430e-01
4.151162168409852082e-01
4.400097986235307346e-01
4.644686005976212950e-01
4.884684546804780036e-01
5.119856462821232856e-01
5.349969377380933144e-01
5.574795912709078483e-01
5.794113914575734769e-01
6.007706671809615040e-01
6.215363130433374517e-01
6.416878102208934953e-01
6.612052467386935195e-01
6.800693371459630709e-01
6.982614415723202850e-01
7.157635841460836534e-01
7.325584707564876119e-01
7.486295061422313379e-01
7.639608102894848152e-01
7.785372341231580062e-01
7.923443744759057772e-01
8.053685883201047169e-01
8.175970062487125656e-01
8.290175451917136673e-01
8.396189203555662894e-01
8.493906563738625737e-01
8.583230976581880389e-01
8.664074179389386066e-01
8.736356289866844538e-01
8.800005885054480448e-01
8.854960071901065710e-01
8.901164549409430471e-01
8.938573662292021993e-01
8.967150446083542725e-01
8.986866663666039923e-01
8.997702833170404535e-01
8.999648247226671449e-01
8.992700983544127391e-01
8.976867906810743758e-01
8.952164661910093635e-01
8.918615658462414331e-01
8.876254046705132073e-01
8.825121684736638716e-01
8.765269097155731215e-01
8.696755425137555617e-01
8.619648367995367266e-01
8.534024116285930939e-01
8.439967276524538153e-01
8.337570787584140941e-01
8.226935828861182687e-01
8.108171720298776863e-01
7.981395814366210040e-01
7.846733380101272859e-01
7.704317479330233809e-01
7.554288835187554785e-01
7.396795693065411070e-01
7.231993674130393623e-01
7.060045621551995776e-01
6.881121439595093703e-01
6.695397925735091516e-01
6.503058595961959121e-01
6.304293503445452806e-01
6.099299050740961681e-01
5.888277795721448271e-01
5.671438251427106669e-01
5.448994680030823101e-01
5.221166881122653036e-01
4.988179974522823357e-01
4.750264177837741908e-01
4.507654578978683713e-01
4.260590903868259893e-01
4.009317279563785474e-01
3.754081993032050146e-01
3.495137245813403348e-01
3.232738904817950565e-01
2.967146249499935662e-01
2.698621715660002307e-01
2.427430636128843355e-01
2.153840978588015820e-01
1.878123080787464927e-01
1.600549383420924177e-01
1.321394160923515526e-01
1.040933250457411058e-01
7.594437793531806646e-02
4.772038912765457636e-02
1.944924713906224720e-02
-8.841112921426289364e-03
-3.712273695513879090e-02
-6.536767949559268986e-02
-9.354803132179487224e-02
-1.216359470357426531e-01
-1.496036725768365439e-01
-1.774235726460650919e-01
-2.050681580128237147e-01
-2.325101126774017923e-01
-2.597223208623113400e-01
-2.866778938057614190e-01
-3.133501963308071847e-01
-3.397128731639574295e-01
-3.657398749771752500e-01
-3.914054841275845797e-01
-4.166843400694340005e-01
-4.415514644131940392e-01
-4.659822856070686137e-01
-4.899526632164756812e-01
-5.134389117775504108e-01
-5.364178242010834152e-01
-5.588666947037592703e-01
-5.807633412440724729e-01
-6.020861274407002250e-01
-6.228139839517186083e-01
-6.429264292935019665e-01
-6.624035900787769160e-01
-6.812262206537827991e-01
-6.993757221151737369e-01
-7.168341606878547712e-01
-7.335842854455874029e-01
-7.496095453568817346e-01
-7.648941056392932758e-01
-7.794228634059939820e-01
-7.931814625891462356e-01
-8.061563081253275698e-01
-8.183345793890113296e-01
-8.297042428607989129e-01
-8.402540640179093634e-01
-8.499736184351689428e-01
-8.588533020855266820e-01
-8.668843408299330422e-01
-8.740587990871857560e-01
-8.803695876751882476e-01
-8.858104708158677232e-01
-8.903760722968382391e-01
-8.940618807837074078e-01
-8.968642542777907067e-01
-8.987804237148199205e-01
-8.998084957010944462e-01
-8.999474543843706265e-01
-8.991971624576386990e-01
-8.975583612947981571e-01
-8.950326702180952942e-01
-8.916225848980499080e-01
-8.873314748874462365e-01
-8.821635802918328384e-01
-8.761240075798142346e-01
-8.692187245372777760e-01
-8.614545543705443009e-01
-8.528391689642585982e-01
-8.433810813006961116e-01
-8.330896370479645707e-01
-8.219750053254246680e-01
-8.100481686554336092e-01
-7.973209121113671305e-01
-7.838058116726233093e-01
-7.695162217981199593e-01
-7.544662622305753352e-01
-7.386708040445828516e-01
-7.221454549523029787e-01
-7.049065438812626150e-01
-6.869711048395134023e-01
-6.683568600840988916e-01
-6.490822026094335007e-01
-6.291661779729368353e-01
-6.086284654758484791e-01
-5.874893587178466881e-01
-5.657697455446446533e-01
-5.434910874084301069e-01
-5.206753981615017679e-01
-4.973452223040741860e-01
-4.735236127077527835e-01
-4.492341078366547946e-01
-4.245007084887360005e-01
-3.993478540802651855e-01
-3.738003984968936155e-01
-3.478835855351967710e-01
-3.216230239589092377e-01
-2.950446621945610470e-01
-2.681747626914727234e-01
-2.410398759714606209e-01
-2.136668143939089159e-01
-1.860826256620854435e-01
-1.583145660969419444e-01
-1.303900737047574421e-01
-1.023367410652748916e-01
-7.418228806707008460e-02
-4.595453451715631604e-02
-1.768137265184265700e-02
1.060926042397635806e-02
3.888941034185023488e-02
6.713113309189240596e-02
9.530652263463268437e-02
1.233877384753665624e-01
1.513470331737389318e-01
1.791567797613634327e-01
2.067894990404337274e-01
2.342178867362887384e-01
2.614148404771495793e-01
2.883534865743538900e-01
3.150072065766092999e-01
3.413496635720741357e-01
3.673548282122145459e-01
3.929970044317721012e-01
4.182508548393921721e-01
4.430914257538703382e-01
4.674941718612206643e-01
4.914349804682452416e-01
5.148901953286247890e-01
5.378366400179735995e-01
5.602516408348047205e-01
5.821130492047176253e-01
6.033992635657169368e-01
6.240892507130181288e-01
6.441625665822416913e-01
6.635993764504902748e-01
6.823804745353067025e-01
7.004873029721767619e-01
7.179019701518150054e-01
7.346072683991059504e-01
7.505866909762588524e-01
7.658244483933374092e-01
7.803054840100777101e-01
7.940154889135585536e-01
8.069409160570464312e-01
8.190689936460149312e-01
8.303877377581342367e-01
8.408859641847530320e-01
8.505532994821657367e-01
8.593801912217637895e-01
8.673579174289192117e-01
8.744785952012894548e-01
8.807351884980242351e-01
8.861215150921726291e-01
8.906322526794316907e-01
8.942629441371866550e-01
8.970100019286564308e-01
8.988707116477892001e-01
8.998432347014034827e-01
8.999266101259295603e-01
8.991207555369497006e-01
8.974264672106029295e-01
8.948454192967754128e-01
8.913801621648475004e-01
8.870341198836395602e-01
8.818115868380411726e-01
8.757177234856696746e-01
8.687585512577519209e-01
8.609409466092612373e-01
8.522726342241983000e-01
8.427621793827233532e-01
8.324189794976817325e-01
8.212532548288949963e-01
8.092760383843718985e-01
7.964991650184449767e-01
7.829352597375847100e-01
7.685977252254531100e-01
7.535007285995319881e-01
7.376591874123876735e-01
7.210887549114352035e-01
7.038058045717434652e-01
6.858274139171847139e-01
6.671713476458830394e-01
6.478560400766770755e-01
6.279005769339108811e-01
6.073246764885611437e-01
5.861486700743493428e-01
5.643934819980529483e-01
5.420806088639167353e-01
5.192320983325552364e-01
4.958705273353511411e-01
4.720189797658844721e-01
4.477010236704007662e-01
4.229406879599066915e-01
3.977624386668658363e-01
3.721911547699687239e-01
3.462521036108789918e-01
3.199709159272037806e-01
2.933735605264169433e-01
2.664863186257126482e-01
2.393357578831810106e-01
2.119487061459168487e-01
1.843522249410626812e-01
1.565735827359339694e-01
1.286402279936636750e-01
1.005797620510062718e-01
7.241991184505373880e-02
4.418850251587549960e-02
1.591342991210701122e-02
-1.237736697332992089e-02
-4.065593361012224266e-02
-6.889432755284546905e-02
-9.706464605127025636e-02
-1.251390536214616045e-01
-1.530898095504113210e-01
-1.808892953070100063e-01
-2.085100418323213578e-01
-2.359247566821288389e-01
-2.631063509949864154e-01
-2.900279662590870555e-01
-3.166630008515508576e-01
-3.429851363238468065e-01
-3.689683634074208962e-01
-3.945870077138198817e-01
-4.198157551039000679e-01
-4.446296767010983197e-01
-4.690042535239900001e-01
-4.929154007138397131e-01
-5.163394913331869063e-01
-5.392533797119424266e-01
-5.616344243179625106e-01
-5.834605101294517704e-01
-6.047100704871287702e-01
-6.253621084045332124e-01
-6.453962173154546011e-01
-6.647926012379351546e-01
-6.835320943349572076e-01
-7.015961798524763537e-01
-7.189670084160749708e-01
-7.356274156681903431e-01
-7.515609392284473556e-01
-7.667518349603670291e-01
-7.811850925283693181e-01
-7.948464502296878065e-01
-8.077224090865672279e-01
-8.198002461847837541e-01
-8.310680272453361273e-01
-8.415146184168735832e-01
-8.511296972772052216e-01
-8.599037630330356174e-01
-8.678281459078265314e-01
-8.748950157085260138e-01
-8.810973895626872388e-01
-8.864291388183478393e-01
-8.908849950998320999e-01
-8.944605555135074493e-01
-8.971522869983458159e-01
-8.989575298169879547e-01
-8.998745001838702740e-01
-8.999022920278056947e-01
-8.990408778872864826e-01
-8.972911089376184313e-01
-8.946547141498635280e-01
-8.911342985824193264e-01
-8.867333408069241196e-01
-8.814561894710321033e-01
-8.753080590014534756e-01
-8.682950244515094118e-01
-8.604240154982835120e-01
-8.517028095953137479e-01
-8.421400242875802800e-01
-8.317451086963947304e-01
-8.205283341825839738e-01
-8.085007841972210452e-01
-7.956743433299107160e-01
-7.820616855654601851e-01
-7.676762617605440431e-01
-7.525322863527166284e-01
-7.366447233149338025e-01
-7.200292713694425029e-01
-7.027023484756513838e-01
-6.846810756073256066e-01
-6.659832598351018706e-01
-6.466273767310818377e-01
-6.266325521128603970e-01
-6.060185431450364479e-01
-5.848057188168930276e-01
-5.630150398155010505e-01
-5.406680378141821564e-01
-5.177867941967576604e-01
-4.943939182386358211e-01
-4.705125247662566568e-01
-4.461662113170206667e-01
-4.213790348222303805e-01
-3.961754878360993493e-01
-3.705804743343295016e-01
-3.446192851061286588e-01
-3.183175727640413233e-01
-2.917013263962420777e-01
-2.647968458863526053e-01
-2.376307159261726587e-01
-2.102297797469579732e-01
-1.826211125952613701e-01
-1.548319949795020911e-01
-1.268898857137121805e-01
-9.882239478511270492e-02
-7.065725607228207084e-02
-4.242229994093697082e-02
-1.414542574435426539e-02
1.414542574435570174e-02
4.242229994093520834e-02
7.065725607228032223e-02
9.882239478511095632e-02
1.268898857137135960e-01
1.548319949795003703e-01
1.826211125952596492e-01
2.102297797469562246e-01
2.376307159261709656e-01
2.647968458863539376e-01
2.917013263962404124e-01
3.183175727640396580e-01
3.446192851061270490e-01
3.705804743343278918e-01
3.961754878361006815e-01
4.213790348222288262e-01
4.461662113170191124e-01
4.705125247662551580e-01
4.943939182386369868e-01
5.177867941967587706e-01
5.406680378141807131e-01
5.630150398154997182e-01
5.848057188168916953e-01
6.060185431450375582e-01
6.266325521128591758e-01
6.466273767310805054e-01
6.659832598351006494e-01
6.846810756073243853e-01
7.027023484756522720e-01
7.200292713694413926e-01
7.366447233149328033e-01
7.525322863527156292e-01
7.676762617605448202e-01
7.820616855654608512e-01
7.956743433299099388e-01
8.085007841972202680e-01
8.205283341825833077e-01
8.317451086963952855e-01
8.421400242875808351e-01
8.517028095953131928e-01
8.604240154982829569e-01
8.682950244515089677e-01
8.753080590014536977e-01
8.814561894710316592e-01
8.867333408069237866e-01
8.911342985824191043e-01
8.946547141498633060e-01
8.972911089376184313e-01
8.990408778872863715e-01
8.999022920278056947e-01
8.998745001838702740e-01
8.989575298169879547e-01
8.971522869983455939e-01
8.944605555135076713e-01
8.908849950998323219e-01
8.864291388183481724e-01
8.810973895626870167e-01
8.748950157085255697e-01
8.678281459078269755e-01
8.599037630330360615e-01
8.511296972772057767e-01
8.415146184168730281e-01
8.310680272453367934e-01
8.198002461847845312e-01
8.077224090865680051e-01
7.948464502296886947e-01
7.811850925283684299e-01
7.667518349603679173e-01
7.515609392284482437e-01
7.356274156681914533e-01
7.189670084160740826e-01
7.015961798524754656e-01
6.835320943349584288e-01
6.647926012379363758e-01
6.453962173154558224e-01
6.253621084045322132e-01
6.047100704871277710e-01
5.834605101294531027e-01
5.616344243179639539e-01
5.392533797119437589e-01
5.163394913331856850e-01
4.929154007138411009e-01
4.690042535239914989e-01
4.446296767010998185e-01
4.198157551039016777e-01
3.945870077138186049e-01
3.689683634074225060e-01
3.429851363238483608e-01
3.166630008515525230e-01
2.900279662590856677e-01
2.631063509949850276e-01
2.359247566821305320e-01
2.085100418323230509e-01
1.808892953070117271e-01
1.530898095504099055e-01
1.251390536214633531e-01
9.706464605127200496e-02
6.889432755284721765e-02
4.065593361012400514e-02
1.237736697332848801e-02
-1.591342991210524874e-02
-4.418850251587373712e-02
-7.241991184505197632e-02
-1.005797620510045232e-01
-1.286402279936650905e-01
-1.565735827359322208e-01
-1.843522249410609604e-01
-2.119487061459151278e-01
-2.393357578831823984e-01
-2.664863186257140359e-01
-2.933735605264152779e-01
-3.199709159272021153e-01
-3.462521036108773265e-01
-3.721911547699700562e-01
-3.977624386668642265e-01
-4.229406879599051372e-01
-4.477010236703992119e-01
-4.720189797658829733e-01
-4.958705273353523624e-01
-5.192320983325537931e-01
-5.420806088639152920e-01
-5.643934819980517270e-01
-5.861486700743480105e-01
-6.073246764885621429e-01
-6.279005769339095488e-01
-6.478560400766759653e-01
-6.671713476458818182e-01
-6.858274139171856021e-01
-7.038058045717443534e-01
-7.210887549114342043e-01
-7.376591874123866743e-01
-7.535007285995310999e-01
-7.685977252254537762e-01
-7.829352597375838219e-01
-7.964991650184441996e-01
-8.092760383843711214e-01
-8.212532548288943302e-01
-8.324189794976822876e-01
-8.427621793827226870e-01
-8.522726342241977449e-01
-8.609409466092606822e-01
-8.687585512577514768e-01
-8.757177234856700077e-01
-8.818115868380409506e-01
-8.870341198836392271e-01
-8.913801621648472784e-01
-8.948454192967755239e-01
-8.974264672106030405e-01
-8.991207555369495896e-01
-8.999266101259295603e-01
-8.998432347014034827e-01
-8.988707116477890890e-01
-8.970100019286565418e-01
-8.942629441371868770e-01
-8.906322526794319128e-01
-8.861215150921729622e-01
-8.807351884980239021e-01
-8.744785952012897878e-01
-8.673579174289196558e-01
-8.593801912217643446e-01
