-0.870613
-0.863302
-0.855243
-0.846446
-0.836922
-0.826684
-0.815743
-0.804113
-0.791807
-0.778840
-0.765224
-0.750976
-0.736110
-0.720641
-0.704584
-0.687957
-0.670774
-0.653052
-0.634808
-0.616057
-0.596816
-0.577103
-0.556933
-0.536323
-0.515291
-0.493853
-0.472027
-0.449829
-0.427276
-0.404386
-0.381175
-0.357661
-0.333862
-0.309794
-0.285474
-0.260921
-0.236152
-0.211185
-0.186037
-0.160726
-0.135271
-0.109689
-0.084000
-0.058220
-0.032370
-0.006468
0.019467
0.045416
0.071358
0.097276
0.123147
0.148953
0.174674
0.200287
0.225774
0.251112
0.276282
0.301260
0.326027
0.350560
0.374838
0.398839
0.422540
0.445921
0.468958
0.491631
0.513916
0.535792
0.557237
0.578230
0.598749
0.618773
0.638280
0.657250
0.675663
0.693498
0.710737
0.727359
0.743348
0.758684
0.773351
0.787332
0.800611
0.813173
0.825004
0.836091
0.846420
0.855981
0.864763
0.872757
0.879953
0.886343
0.891923
0.896685
0.900626
0.903743
0.906032
0.907494
0.908127
0.907933
0.906914
0.905073
0.902413
0.898941
0.894661
0.889581
0.883708
0.877052
0.869620
0.861425
0.852476
0.842785
0.832364
0.821226
0.809384
0.796852
0.783645
0.769777
0.755263
0.740118
0.724359
0.708001
0.691060
0.673553
0.655497
0.636908
0.617802
0.598198
0.578111
0.557560
0.536560
0.515130
0.493287
0.471048
0.448431
0.425452
0.402130
0.378481
0.354523
0.330274
0.305752
0.280973
0.255957
0.230720
0.205281
0.179657
0.153868
0.127931
0.101865
0.075689
0.049421
0.023080
-0.003314
-0.029742
-0.056184
-0.082621
-0.109031
-0.135397
-0.161695
-0.187906
-0.214010
-0.239984
-0.265807
-0.291458
-0.316914
-0.342155
-0.367157
-0.391899
-0.416359
-0.440513
-0.464339
-0.487814
-0.510917
-0.533624
-0.555913
-0.577762
-0.599148
-0.620049
-0.640443
-0.660309
-0.679626
-0.698372
-0.716527
-0.734072
-0.750986
-0.767250
-0.782847
-0.797758
-0.811967
-0.825458
-0.838215
-0.850223
-0.861469
-0.871941
-0.881626
-0.890513
-0.898594
-0.905859
-0.912300
-0.917912
-0.922689
-0.926626
-0.929721
-0.931971
-0.933375
-0.933934
-0.933649
-0.932523
-0.930558
-0.927759
-0.924131
-0.919682
-0.914418
-0.908347
-0.901479
-0.893824
-0.885393
-0.876196
-0.866246
-0.855555
-0.844138
-0.832007
-0.819177
-0.805664
-0.791481
-0.776645
-0.761172
-0.745078
-0.728379
-0.711091
-0.693233
-0.674819
-0.655869
-0.636398
-0.616424
-0.595965
-0.575038
-0.553660
-0.531848
-0.509621
-0.486995
-0.463989
-0.440619
-0.416904
-0.392860
-0.368506
-0.343858
-0.318936
-0.293756
-0.268337
-0.242695
-0.216851
-0.190820
-0.164622
-0.138276
-0.111799
-0.085211
-0.058529
-0.031774
-0.004965
0.021879
0.048738
0.075593
0.102423
0.129207
0.155926
0.182558
0.209081
0.235476
0.261720
0.287792
0.313669
0.339329
0.364750
0.389910
0.414786
0.439355
0.463594
0.487481
0.510992
0.534105
0.556797
0.579045
0.600826
0.622118
0.642899
0.663147
0.682840
0.701956
0.720476
0.738378
0.755642
0.772250
0.788182
0.803420
0.817947
0.831747
0.844804
0.857102
0.868628
0.879368
0.889311
0.898446
0.906762
0.914250
0.920903
0.926714
0.931678
0.935789
0.939044
0.941442
0.942982
0.943662
0.943486
0.942454
0.940571
0.937840
0.934268
0.929861
0.924626
0.918571
0.911707
0.904042
0.895589
0.886358
0.876362
0.865614
0.854127
0.841915
0.828994
0.815378
0.801082
0.786123
0.770517
0.754280
0.737428
0.719980
0.701951
0.683359
0.664221
0.644555
0.624379
0.603709
0.582564
0.560960
0.538917
0.516451
0.493581
0.470323
0.446696
0.422717
0.398404
0.373775
0.348848
0.323640
0.298169
0.272454
0.246513
0.220363
0.194023
0.167511
0.140846
0.114046
0.087131
0.060119
0.033029
0.005882
-0.021304
-0.048508
-0.075711
-0.102892
-0.130031
-0.157106
-0.184097
-0.210983
-0.237741
-0.264350
-0.290789
-0.317034
-0.343064
-0.368855
-0.394385
-0.419631
-0.444571
-0.469180
-0.493435
-0.517314
-0.540793
-0.563849
-0.586459
-0.608599
-0.630247
-0.651380
-0.671976
-0.692012
-0.711467
-0.730320
-0.748549
-0.766135
-0.783057
-0.799297
-0.814836
-0.829655
-0.843739
-0.857071
-0.869635
-0.881418
-0.892405
-0.902585
-0.911947
-0.920479
-0.928172
-0.935020
-0.941013
-0.946148
-0.950419
-0.953823
-0.956357
-0.958021
-0.958814
-0.958738
-0.957795
-0.955989
-0.953323
-0.949805
-0.945439
-0.940235
-0.934200
-0.927344
-0.919678
-0.911211
-0.901957
-0.891928
-0.881136
-0.869596
-0.857323
-0.844330
-0.830634
-0.816251
-0.801195
-0.785484
-0.769135
-0.752164
-0.734588
-0.716425
-0.697693
-0.678409
-0.658590
-0.638254
-0.617420
-0.596104
-0.574325
-0.552100
-0.529448
-0.506386
-0.482932
-0.459104
-0.434919
-0.410396
-0.385552
-0.360405
-0.334973
-0.309275
-0.283327
-0.257149
-0.230757
-0.204172
-0.177410
-0.150492
-0.123434
-0.096256
-0.068978
-0.041618
-0.014196
0.013269
0.040756
0.068246
0.095718
0.123151
0.150525
0.177819
0.205011
0.232079
0.259002
0.285758
0.312324
0.338677
0.364795
0.390656
0.416235
0.441510
0.466457
0.491052
0.515273
0.539096
0.562498
0.585454
0.607941
0.629937
0.651419
0.672363
0.692747
0.712550
0.731749
0.750323
0.768251
0.785514
0.802092
0.817965
0.833116
0.847527
0.861182
0.874065
0.886161
0.897457
0.907939
0.917596
0.926417
0.934393
0.941515
0.947776
0.953170
0.957691
0.961337
0.964105
0.965993
0.967001
0.967130
0.966382
0.964762
0.962272
0.958919
0.954709
0.949650
0.943750
0.937019
0.929466
0.921104
0.911944
0.901998
0.891281
0.879805
0.867585
0.854637
0.840976
0.826617
0.811578
0.795874
0.779522
0.762540
0.744945
0.726755
0.707986
0.688658
0.668787
0.648391
0.627489
0.606099
0.584237
0.561923
0.539175
0.516010
0.492445
0.468500
0.444193
0.419540
0.394560
0.369271
0.343691
0.317838
0.291730
0.265385
0.238821
0.212058
0.185112
0.158003
0.130750
0.103371
0.075886
0.048313
0.020673
-0.007015
-0.034732
-0.062456
-0.090169
-0.117848
-0.145473
-0.173022
-0.200476
-0.227810
-0.255005
-0.282037
-0.308884
-0.335523
-0.361932
-0.388087
-0.413965
-0.439543
-0.464796
-0.489703
-0.514238
-0.538378
-0.562099
-0.585378
-0.608191
-0.630514
-0.652324
-0.673599
-0.694315
-0.714450
-0.733982
-0.752889
-0.771151
-0.788746
-0.805654
-0.821857
-0.837336
-0.852072
-0.866050
-0.879252
-0.891664
-0.903272
-0.914061
-0.924021
-0.933140
-0.941408
-0.948817
-0.955358
-0.961025
-0.965814
-0.969719
-0.972739
-0.974871
-0.976115
-0.976472
-0.975945
-0.974535
-0.972248
-0.969089
-0.965063
